-77.52535 5.526797 
-77.501884 5.515063 
-77.469025 5.33905 
-77.44791 5.008146 
-77.39158 4.764075 
-77.35873 4.632653 
-77.37046 4.477761 
-77.45964 4.290015 
-77.49249 4.102268 
-77.45964 3.935643 
-77.41505 3.858197 
-77.325874 3.858197 
-77.084145 3.902787 
-76.95038 3.956764 
-77.06068 3.747896 
-77.13812 3.682184 
-77.2273 3.548415 
-77.37046 3.405258 
-77.48076 3.294957 
-77.53474 3.161187 
-77.63565 3.06262 
-77.680244 2.907729 
-77.767075 2.717635 
-77.856255 2.663658 
-78.032265 2.607334 
-78.154305 2.619068 
-78.38429 2.574478 
-78.46174 2.562744 
-78.58377 2.398466 
-78.63775 2.252962 
-78.68234 2.121539 
-78.66122 1.931445 
-78.628365 1.832878 
-78.628365 1.800023 
-78.715195 1.800023 
-78.8255 1.743699 
-78.96866 1.633397 
-78.99213 1.612276 
-78.99213 1.478506 
-78.924065 1.412795 
-78.88182 1.377592 
-78.87009 1.377592 
-78.89121 1.311881 
-79.00151 1.234435 
-79.189255 1.1124 
-79.43333 1.013833 
-79.58588 0.901185 
-79.6422 0.812005 
-79.82994 0.823739 
-79.82994 0.823739 
-80.07167 0.746294 
-80.10452 0.570281 
-80.07167 0.359066 
-80.05994 0.171319 
-80.05994 0.171319 
-80.13738 -0.018775 
-80.29227 -0.218256 
-80.40257 -0.361413 
-80.42369 -0.516304 
-80.40257 -0.682929 
-80.468285 -0.715785 
-80.59032 -0.905878 
-80.74521 -0.983324 
-80.8649 -1.081891 
-80.820305 -1.382286 
-80.820305 -1.591154 
-80.8649 -1.692068 
-80.820305 -1.95726 
-80.79919 -2.079296 
-80.83204 -2.189597 
-80.855515 -2.201331 
-80.88837 -2.245921 
-80.84378 -2.335101 
-80.74521 -2.412547 
-80.63491 -2.466524 
-80.51287 -2.543969 
-80.40257 -2.644883 
-80.33686 -2.677739 
-80.31339 -2.677739 
-80.304 -2.654271 
-80.23595 -2.576825 
-80.16085 -2.511114 
-80.12565 -2.466524 
-80.083405 -2.367957 
-80.01769 -2.290511 
-80.01769 -2.290511 
-79.90739 -2.257655 
-79.92851 -2.189597 
-79.89565 -2.177863 
-79.90739 -2.356222 
-79.90739 -2.522848 
-79.8628 -2.555703 
-79.785355 -2.489992 
-79.76189 -2.478258 
-79.752495 -2.555703 
-79.79709 -2.666005 
-79.81821 -2.853752 
-79.8628 -2.9664 
-79.89565 -3.109557 
-79.92851 -3.154146 
-79.98249 -3.240979 
-79.98249 -3.240979 
-80.05994 -3.309038 
-80.16085 -3.363015 
-80.259415 -3.39587 
-80.27115 -3.39587 
-80.27115 -3.39587 
-80.29227 -3.419339 
-80.346245 -3.508519 
-80.524605 -3.595351 
-80.677155 -3.729121 
-80.79919 -3.851156 
-80.89775 -3.949724 
-81.01979 -4.083493 
-81.17468 -4.203182 
-81.25213 -4.31583 
-81.27325 -4.512964 
-81.28498 -4.691323 
-81.207535 -4.900192 
-81.151215 -4.977637 
-81.13009 -5.087939 
-81.14182 -5.15365 
-81.09724 -5.329663 
-80.98693 -5.451698 
-80.88837 -5.594855 
-80.8649 -5.728625 
-81.04091 -5.848313 
-81.14182 -5.970349 
-80.998665 -6.113506 
-80.88837 -6.212073 
-80.62318 -6.366964 
-80.435425 -6.488999 
-80.22656 -6.632156 
-80.03881 -6.808169 
-80.03881 -6.808169 
-79.81821 -7.071014 
-79.70791 -7.169581 
-79.61873 -7.369062 
-79.576485 -7.533341 
-79.487305 -7.709353 
-79.32303 -7.939343 
-79.14467 -8.12709 
-78.96866 -8.235044 
-78.91468 -8.324224 
-78.804375 -8.455647 
-78.804375 -8.521358 
-78.748055 -8.730227 
-78.66122 -8.903892 
-78.59316 -9.079905 
-78.539185 -9.155004 
-78.52745 -9.166738 
-78.41715 -9.450705 
-78.37491 -9.582128 
-78.31858 -9.734672 
-78.273994 -9.844973 
-78.2294 -9.985783 
-78.2294 -9.985783 
-78.19655 -10.117206 
-78.14257 -10.227507 
-78.065125 -10.380052 
-77.975945 -10.509128 
-77.856255 -10.68514 
-77.83279 -10.901049 
-77.80932 -10.999616 
-77.7835 -11.072368 
-77.769424 -11.126345 
-77.769424 -11.126345 
-77.7483 -11.159201 
-77.71545 -11.269502 
-77.71545 -11.323479 
-77.70371 -11.365723 
-77.70371 -11.422047 
-77.638 -11.508879 
-77.48311 -11.583978 
-77.36342 -11.74591 
-77.262505 -11.985287 
-77.175674 -12.191808 
-77.0419 -12.320884 
-76.94334 -12.503938 
-76.86589 -12.623626 
-76.7462 -12.797292 
-76.64529 -12.959224 
-76.56784 -13.100034 
-76.43642 -13.238497 
-76.34724 -13.454406 
-76.28153 -13.637459 
-76.314384 -13.811125 
-76.48101 -13.982444 
-76.42468 -14.165497 
-76.26041 -14.327428 
-76.15011 -14.465892 
-76.05154 -14.627823 
-75.929504 -14.766287 
-75.78635 -14.829651 
-75.61972 -14.970461 
-75.455444 -15.14178 
-75.31229 -15.301365 
-75.16913 -15.418707 
-74.99312 -15.55717 
-74.772514 -15.641656 
-74.58477 -15.782466 
-74.42988 -15.834097 
-74.16468 -15.97256 
-74.06612 -16.089903 
-74.033264 -16.132145 
-73.98867 -16.143879 
-73.87837 -16.186123 
-73.702354 -16.249487 
-73.51461 -16.345707 
-73.29401 -16.430193 
-73.08514 -16.514679 
-72.84107 -16.63202 
-72.58996 -16.707119 
-72.37874 -16.85497 
-72.18161 -17.002821 
-71.91641 -17.141285 
-71.716934 -17.237503 
-71.57378 -17.427599 
-71.4095 -17.575447 
-71.32032 -17.702177 
-71.14431 -17.859415 
-70.87911 -18.058895 
-70.72657 -18.164503 
-70.58107 -18.24899 
-70.58107 -18.260723 
-70.58107 -18.260723 
-70.57168 -18.260723 
-70.52709 -18.354597 
-70.473114 -18.532957 
-70.43791 -18.744171 
-70.40505 -18.974161 
-70.36281 -19.192417 
-70.33934 -19.434141 
-70.33934 -19.579645 
-70.32761 -19.67352 
-70.261894 -19.830757 
-70.261894 -19.830757 
-70.22904 -20.00677 
-70.22904 -20.203903 
-70.25251 -20.37053 
-70.261894 -20.631027 
-70.27363 -20.919687 
-70.21731 -21.116821 
-70.16333 -21.374973 
-70.16333 -21.560373 
-70.21731 -21.745773 
-70.22904 -21.94995 
-70.294754 -22.165857 
-70.31822 -22.37238 
-70.31822 -22.677467 
-70.33934 -22.881643 
-70.39567 -23.006025 
-70.473114 -23.006025 
-70.559944 -23.10694 
-70.625656 -23.329887 
-70.625656 -23.43315 
-70.58107 -23.494165 
-70.51536 -23.564571 
-70.52709 -23.7664 
-70.57168 -23.970573 
-70.57168 -24.15128 
-70.57168 -24.343721 
-70.57168 -24.576057 
-70.57168 -24.775537 
-70.54821 -24.946857 
-70.538826 -25.017262 
-70.538826 -25.097055 
-70.538826 -25.268373 
-70.54821 -25.409184 
-70.67024 -25.498363 
-70.74769 -25.639174 
-70.79228 -25.777637 
-70.79228 -25.887938 
-70.78055 -25.995893 
-70.74769 -26.136703 
-70.72657 -26.244658 
-70.72657 -26.394855 
-70.75942 -26.533318 
-70.768814 -26.699944 
-70.79228 -26.850142 
-70.86973 -27.056662 
-70.944824 -27.12472 
-71.00115 -27.2139 
-71.012886 -27.30308 
-71.012886 -27.401648 
-71.012886 -27.450932 
-71.00115 -27.547152 
-71.05513 -27.617556 
-71.14431 -27.772448 
-71.188896 -27.969582 
-71.22175 -28.213652 
-71.25461 -28.380278 
-71.308586 -28.553944 
-71.35317 -28.708834 
-71.47521 -28.854338 
-71.540924 -28.941172 
-71.540924 -28.941172 
-71.597244 -29.049126 
-71.606636 -29.126572 
-71.606636 -29.204016 
-71.56439 -29.272076 
-71.5198 -29.398804 
-71.486946 -29.504412 
-71.44235 -29.591244 
-71.44235 -29.70624 
-71.43062 -29.80246 
-71.397766 -29.889292 
-71.397766 -29.889292 
-71.45409 -30.041836 
-71.486946 -30.184994 
-71.58551 -30.234278 
-71.70755 -30.299988 
-71.72867 -30.49947 
-71.74979 -30.701298 
-71.74979 -30.851496 
-71.72867 -31.041588 
-71.716934 -31.20352 
-71.68408 -31.372492 
-71.66296 -31.562586 
-71.630104 -31.750332 
-71.61837 -31.947468 
-71.61837 -32.163376 
-71.58551 -32.2948 
-71.52919 -32.482544 
-71.52919 -32.64917 
-71.52919 -32.87212 
-71.597244 -33.031704 
-71.716934 -33.20537 
-71.72867 -33.39077 
-71.716934 -33.623108 
-71.716934 -33.759224 
-71.8507 -33.888298 
-71.93754 -34.14645 
-71.982124 -34.329502 
-72.00559 -34.345932 
-72.014984 -34.437458 
-72.014984 -34.538372 
-72.071304 -34.646328 
-72.13702 -34.791832 
-72.21446 -34.99131 
-72.23559 -35.118042 
-72.34589 -35.263546 
-72.43507 -35.390274 
-72.53363 -35.542816 
-72.61108 -35.714138 
-72.643936 -35.812702 
-72.67679 -35.946472 
-72.77536 -36.063816 
-72.81995 -36.242176 
-72.852806 -36.38533 
-72.91851 -36.526142 
-72.97484 -36.659912 
-73.04055 -36.695114 
-73.10626 -36.641136 
-73.21656 -36.685726 
-73.21656 -36.80072 
-73.19544 -36.93449 
-73.19544 -37.065914 
-73.19544 -37.18091 
-73.3386 -37.234886 
-73.49349 -37.18091 
-73.63664 -37.31468 
-73.63664 -37.481304 
-73.63664 -37.593952 
-73.65777 -37.73476 
-73.65777 -37.830982 
-73.62491 -37.917816 
-73.5592 -38.030464 
-73.51461 -38.187702 
-73.5592 -38.56085 
-73.58032 -38.56085 
-73.59206 -38.586662 
-73.5592 -38.65472 
-73.50288 -38.750942 
-73.4489 -38.82839 
-73.416046 -38.948074 
-73.37145 -39.102966 
-73.350334 -39.25786 
-73.3386 -39.384586 
-73.3386 -39.52305 
-73.40431 -39.675594 
-73.49349 -39.760082 
-73.526344 -39.844566 
-73.63664 -39.88681 
-73.702354 -39.912624 
-73.702354 -39.912624 
-73.71409 -40.039352 
-73.702354 -40.06517 
-73.702354 -40.184856 
-73.71409 -40.393726 
-73.72348 -40.5627 
-73.81266 -40.738712 
-73.84551 -40.898296 
-73.86664 -41.064922 
-73.87837 -41.271442 
-73.85725 -41.431026 
-73.80093 -41.529594 
-73.71409 -41.55541 
-73.65777 -41.63755 
-73.68124 -41.71969 
-73.5592 -41.76897 
-73.60379 -41.88397 
-73.57093 -41.93325 
-73.526344 -42.024776 
-73.48176 -42.123344 
-73.470024 -42.196095 
-73.40431 -42.32752 
-73.39258 -42.40027 
-73.54746 -42.426086 
-73.63664 -42.57159 
-73.702354 -42.55516 
-73.74695 -42.620872 
-73.75633 -42.66077 
-73.68124 -42.759335 
-73.58032 -42.775764 
-73.53808 -42.864944 
-73.702354 -42.879025 
-73.68124 -42.961163 
-73.9 -43.2 
-74.0 -43.3 
-74.0 -43.3 
-74.1 -43.2 
-74.24213 -42.90484 
-74.176414 -42.73352 
-74.16468 -42.57863 
-74.18815 -42.426086 
-74.176414 -42.278236 
-74.11071 -42.113956 
-74.09897 -41.966106 
-73.911224 -41.76897 
-73.87837 -41.752544 
-73.83378 -41.745502 
-73.83378 -41.72673 
-73.824394 -41.834682 
-73.81266 -41.876926 
-73.74695 -41.86754 
-73.68124 -41.86754 
-73.42778 -41.801826 
-73.27289 -41.76897 
-73.19544 -41.752544 
-73.10626 -41.693874 
-73.08514 -41.595306 
-72.97484 -41.54602 
-72.80821 -41.55541 
-72.68852 -41.66102 
-72.578224 -41.70326 
-72.53363 -41.77836 
-72.47965 -41.70326 
-72.42333 -41.752544 
-72.35762 -41.66102 
-72.313034 -41.653976 
-72.313034 -41.670406 
-72.456184 -42.048244 
-72.44445 -42.1562 
-72.51251 -42.301704 
-72.42333 -42.33456 
-72.42333 -42.48945 
-72.53363 -42.611485 
-72.6322 -42.538734 
-72.665054 -42.588017 
-72.733116 -42.409657 
-72.65567 -42.278236 
-72.61108 -42.048244 
-72.76597 -41.998962 
-72.70965 -41.86754 
-72.80821 -42.73352 
-72.77536 -42.879025 
-72.754234 -43.017487 
-72.81995 -43.170033 
-72.852806 -43.259212 
-72.95137 -43.331963 
-72.99596 -43.388287 
-73.019424 -43.477467 
-73.00769 -43.5643 
-72.95137 -43.597157 
-72.89739 -43.627666 
-72.90913 -43.65348 
-72.930244 -43.716846 
-72.88566 -43.78725 
-72.98657 -43.867043 
-73.052284 -43.96326 
-73.00769 -44.406815 
-72.99596 -44.446712 
-72.95137 -44.45375 
-72.90913 -44.47722 
-72.81995 -44.500687 
-72.77536 -44.564053 
-72.80821 -44.70721 
-72.80821 -44.83863 
-72.98657 -44.932507 
